Architektura dla F8:

--- WARSTWA 1 ---
Shape: (130, 128)
0.132 0.140 -0.142 0.514 0.153
-0.371 0.437 0.057 -0.297 0.063
0.124 0.134 0.149 -0.075 -0.031
-0.045 -0.024 -0.022 -0.008 -0.012
-0.007 -0.033 0.001 -0.134 0.199
... (ucieto dla czytelnosci)

--- WARSTWA 3 ---
Shape: (128, 64)
0.622 0.044 -0.762 -1.251 0.804
-0.317 -0.337 -0.373 -0.682 -0.115
0.254 0.224 0.050 0.143 -1.086
0.181 0.067 -0.047 0.072 -1.570
-0.242 0.041 -0.204 -0.756 0.532
... (ucieto dla czytelnosci)

--- WARSTWA 4 ---
Shape: (64, 2)
1.056 -0.142
-0.828 0.260
-0.596 -0.539
-0.822 -0.786
-2.864 0.001
... (ucieto dla czytelnosci)
