Architektura dla F10:

--- WARSTWA 1 ---
Shape: (130, 128)
0.067 0.028 -0.090 0.045 -0.081
0.101 -0.157 -0.065 -0.170 0.191
-0.125 -0.134 -0.185 0.110 -0.049
0.053 -0.035 -0.120 -0.039 -0.081
-0.051 0.022 0.178 0.092 -0.033
... (ucieto dla czytelnosci)

--- WARSTWA 3 ---
Shape: (128, 64)
0.043 0.036 -0.004 -0.019 0.216
0.204 -0.169 0.203 -0.201 -0.065
0.321 0.111 0.303 0.011 0.167
0.158 0.304 0.264 -0.169 0.002
0.542 -0.415 0.313 -0.034 -0.263
... (ucieto dla czytelnosci)

--- WARSTWA 4 ---
Shape: (64, 2)
-0.457 -0.290
0.429 -0.227
-0.360 -0.509
-0.256 0.280
0.322 -0.337
... (ucieto dla czytelnosci)
